#
#             Mass       sMass      Rad        sRad       Grav       sGrav      Dist       sDist      Age        sAge       [M/H]      [Fe/H]     sMetl      Teff       sTeff      Alpha      sAlpha     Prob       Popul       
#
   0.8602     0.1360     10.2197    0.6399     2.3502     0.0132     1728.5560  125.0930   13780.7460 5560.2630  -0.5400    -0.6900    0.1300     4941.3000  69.3000    0.2200     0.0200     0.0003        
   1.0695     0.2663     11.2528    1.1936     2.3632     0.0315     1555.7600  135.2480   9780.4460  5720.0070  -0.1400    -0.3000    0.1200     4729.8000  69.3000    0.2200     0.0200     0.0011        
   0.9698     0.1658     10.3706    0.8020     2.3910     0.0200     1399.2230  90.1080    9497.5450  5336.5280  -0.6900    -0.8600    0.1300     5032.5000  69.3000    0.2500     0.0300     0.0022        
   0.8560     0.1114     9.7704     0.4315     2.3892     0.0149     1603.7110  76.2220    14409.3250 5388.8540  -0.4100    -0.5700    0.1200     4948.0000  69.3000    0.2300     0.0200     0.0010        
   1.3512     0.0847     7.7276     0.1874     2.7873     0.0079     1231.6200  37.5250    4620.9680  1316.0140  0.4400     0.4100     0.1100     4558.9000  69.3000    0.0400     0.0100     0.0024        
   1.1138     0.1109     10.8584    0.4163     2.4143     0.0144     1725.2850  54.8070    6958.8710  3333.5870  -0.3400    -0.4600    0.1200     4805.9000  69.3000    0.1700     0.0200     0.0010        
   1.0089     0.0657     7.7676     0.1936     2.6585     0.0078     1154.9950  51.7350    10643.7500 3026.2170  -0.1500    -0.2200    0.1200     4664.2000  69.3000    0.1100     0.0200     0.0019        
   1.0307     0.0520     5.6903     0.0955     2.9398     0.0060     508.8430   16.9970    8893.6170  2404.7590  -0.3100    -0.4100    0.1300     4799.8000  69.3000    0.1500     0.0200     0.0050        
   1.0004     0.1271     10.7788    0.5677     2.3714     0.0161     1134.8880  59.9590    9753.7310  4605.1580  -0.3600    -0.4700    0.1200     4864.5000  69.3000    0.1600     0.0200     0.0024        
   0.9792     0.1262     10.8432    0.5260     2.3537     0.0177     1804.6930  101.4960   12106.4100 5139.2630  -0.1600    -0.2600    0.1200     4740.1000  69.3000    0.1400     0.0200     0.0000        
   1.0261     0.0771     8.1725     0.2122     2.6218     0.0092     721.2300   34.3770    10006.2500 3095.6670  -0.2500    -0.3800    0.1200     4637.2000  69.3000    0.1800     0.0200     0.0033        
   1.2494     0.2510     12.9652    1.1703     2.3144     0.0194     2157.6720  165.4900   6187.1500  5061.1980  -0.2200    -0.3200    0.1200     4731.8000  69.3000    0.1400     0.0200     0.0000        
   0.9946     0.1298     10.8508    0.6642     2.3613     0.0108     1839.8320  114.4980   11650.0000 5065.8080  -0.1700    -0.2600    0.1300     4738.3000  69.3000    0.1300     0.0200     0.0000        
   0.9854     0.0820     8.3999     0.2416     2.5816     0.0102     1306.5530  77.6260    11432.5400 4010.7620  -0.2500    -0.3400    0.1200     4633.1000  69.3000    0.1400     0.0200     0.0014        
   1.0305     0.1054     10.6960    0.4768     2.3933     0.0084     1990.6260  81.3290    10401.4290 4490.9490  -0.1400    -0.2600    0.1200     4768.6000  69.3000    0.1700     0.0200     0.0000        
   0.8690     0.2306     12.7767    1.1658     2.1590     0.0305     2417.9780  199.4530   12859.0490 5963.9990  -0.5200    -0.6600    0.1300     4886.7000  69.3000    0.2100     0.0200     0.0001        
   1.0254     0.0963     9.3458     0.3118     2.5078     0.0120     845.1340   39.1820    8952.5000  3019.8810  -0.3100    -0.4000    0.1200     4626.0000  69.3000    0.1400     0.0200     0.0033        
   1.0278     0.1074     10.5752    0.4099     2.4005     0.0129     894.8530   32.4350    9357.0080  4334.6360  -0.2900    -0.4300    0.1200     4817.8000  69.3000    0.2000     0.0200     0.0027        
   1.0777     0.0827     8.1119     0.2219     2.6486     0.0105     1161.6550  39.8220    9546.6100  2995.2090  0.0300     -0.0500    0.1200     4567.6000  69.3000    0.1200     0.0100     0.0016        
   1.0069     0.1327     10.7103    0.6242     2.3768     0.0158     831.3240   43.3410    10264.3700 4905.6890  -0.2700    -0.3700    0.1200     4790.3000  69.3000    0.1500     0.0200     0.0027        
   1.0964     0.0972     11.1705    0.4221     2.3826     0.0104     1411.9140  36.9410    10459.0910 3958.7330  0.3200     0.2700     0.1200     4502.6000  69.3000    0.0900     0.0100     0.0011        
   1.0146     0.0877     8.7214     0.2623     2.5626     0.0099     1481.4150  73.4490    9116.7860  3120.0370  -0.3700    -0.5200    0.1300     4676.6000  69.3000    0.2100     0.0200     0.0016        
   1.0342     0.0718     11.4222    0.2907     2.3328     0.0137     1628.4240  37.5660    12405.0930 4078.3520  0.2200     0.1600     0.1100     4529.8000  69.3000    0.0900     0.0100     0.0000        
   0.9508     0.0389     5.7199     0.0820     2.9015     0.0047     429.2650   14.0970    10636.0470 2555.9350  -0.5400    -0.6900    0.1400     4849.4000  69.3000    0.2200     0.0200     0.0050        
   1.0497     0.1542     10.7153    0.6489     2.3974     0.0239     849.7500   47.5130    8023.0600  4803.3240  -0.4800    -0.5800    0.1300     4896.5000  69.3000    0.1500     0.0200     0.0038        
   0.9863     0.0301     4.2774     0.0460     3.1689     0.0038     649.1560   18.9380    11443.0230 2642.7540  -0.1000    -0.2400    0.1200     4787.6000  69.3000    0.2100     0.0200     0.0030        
   0.9354     0.1334     10.6035    0.6392     2.3514     0.0153     1614.9900  104.5360   12566.2500 5297.8680  -0.2500    -0.4100    0.1200     4802.7000  69.3000    0.2400     0.0200     0.0009        
   1.2062     0.1159     12.9946    0.5191     2.2927     0.0117     1587.0910  57.2850    7320.7550  3068.6700  0.1600     0.1200     0.1100     4499.1000  69.3000    0.0600     0.0100     0.0003        
   1.0784     0.1389     11.0700    0.5260     2.3807     0.0217     665.0190   29.2900    9404.8780  4689.8880  -0.0400    -0.0900    0.1200     4683.2000  69.3000    0.0800     0.0200     0.0035        
   0.9571     0.0317     4.0228     0.0461     3.2098     0.0038     342.2290   10.0390    12597.4580 2560.1180  -0.1900    -0.3200    0.1200     4842.7000  69.3000    0.1900     0.0200     0.0039        
   1.0974     0.1075     11.1596    0.4703     2.3822     0.0125     1046.2700  35.9290    10459.0910 4302.3680  0.1700     0.1300     0.1100     4578.5000  69.3000    0.0700     0.0100     0.0017        
   1.0410     0.1051     11.1283    0.5743     2.3628     0.0092     1125.4010  56.9590    9991.4630  4158.7330  -0.0700    -0.1300    0.1200     4681.2000  69.3000    0.0900     0.0100     0.0020        
   0.9749     0.0651     8.4064     0.2074     2.5774     0.0077     1314.1020  69.7550    10325.3790 3058.0130  -0.3900    -0.5300    0.1300     4673.9000  69.3000    0.2000     0.0200     0.0020        
   0.9802     0.0563     7.2081     0.1442     2.7140     0.0065     1000.5310  36.6320    10648.6490 2942.7550  -0.3200    -0.4400    0.1200     4686.4000  69.3000    0.1900     0.0200     0.0026        
   0.9816     0.1381     10.7165    0.5549     2.3640     0.0211     1357.0540  68.0160    11271.3180 5203.3980  -0.2600    -0.3700    0.1200     4755.6000  69.3000    0.1700     0.0200     0.0013        
   1.1057     0.1760     13.6458    0.9677     2.2049     0.0127     1241.2080  89.7610    8267.1610  4393.3830  -0.1300    -0.2000    0.1100     4665.5000  69.3000    0.1000     0.0100     0.0019        
   0.9921     0.0731     10.7409    0.2824     2.3671     0.0112     1091.3810  32.2670    12923.1320 3552.9490  0.0700     -0.0100    0.1200     4609.3000  69.3000    0.1100     0.0100     0.0011        
   1.4376     0.1057     8.9464     0.2159     2.6934     0.0087     931.5090   27.8220    3567.8570  970.2600   0.3500     0.3100     0.1100     4564.1000  69.3000    0.0600     0.0100     0.0042        
   0.9516     0.0385     6.0335     0.0911     2.8530     0.0053     900.5330   22.6030    11756.0980 2214.3240  -0.3100    -0.4800    0.1200     4768.9000  69.3000    0.2300     0.0200     0.0025        
   1.0295     0.1023     10.9129    0.4596     2.3642     0.0173     1607.8810  53.9380    11997.2430 4205.7690  0.1300     0.0800     0.1100     4624.2000  69.3000    0.0700     0.0100     0.0000        
   1.1111     0.2660     11.1491    1.4363     2.3935     0.0255     1737.4250  180.6840   7506.2500  4998.5550  -0.3700    -0.5400    0.1300     4848.7000  69.3000    0.2400     0.0200     0.0008        
   0.9344     0.1343     10.3611    0.6925     2.3725     0.0105     985.9760   61.3960    12218.4400 5420.2990  -0.2800    -0.3600    0.1300     4864.5000  69.3000    0.1300     0.0200     0.0023        
   1.1759     0.1080     11.0246    0.3621     2.4243     0.0138     1530.9480  52.7900    7120.3950  2819.1130  0.0300     -0.0100    0.1100     4707.8000  69.3000    0.0700     0.0100     0.0014        
   0.9437     0.1427     10.4566    0.5931     2.3641     0.0231     1345.4270  72.9660    12267.1880 5539.4200  -0.2500    -0.4000    0.1200     4841.5000  69.3000    0.2300     0.0200     0.0013        
   1.0066     0.0610     11.2209    0.2414     2.3384     0.0109     1289.9860  33.2030    12584.0520 3720.3910  0.1300     0.0800     0.1100     4589.5000  69.3000    0.0700     0.0100     0.0010        
   0.9928     0.1246     10.6851    0.5415     2.3697     0.0199     1355.2920  54.3030    11865.0000 5116.2340  -0.1000    -0.2300    0.1300     4718.9000  69.3000    0.1800     0.0200     0.0012        
   1.0312     0.0727     7.9639     0.1964     2.6475     0.0090     1094.1660  44.1360    9736.0710  2723.0040  -0.1800    -0.2600    0.1200     4662.0000  69.3000    0.1100     0.0200     0.0018        
   1.0238     0.0667     8.0385     0.1968     2.6319     0.0081     1448.9630  58.5610    9362.5000  2646.9020  -0.3800    -0.5400    0.1200     4671.3000  69.3000    0.2300     0.0200     0.0016        
   0.8672     0.1218     9.8358     0.5386     2.3857     0.0127     1443.6200  67.4950    14103.8790 5368.5460  -0.2900    -0.4300    0.1200     5056.4000  69.3000    0.2000     0.0200     0.0012        
   1.0124     0.1795     11.1819    0.6854     2.3453     0.0218     1647.4620  129.9120   9333.4910  5419.9750  -0.4300    -0.5400    0.1400     4601.5000  69.3000    0.1600     0.0200     0.0016        
   0.9755     0.1000     10.5431    0.4388     2.3767     0.0134     1225.9110  44.1640    12435.2270 4869.6900  -0.0900    -0.1700    0.1200     4740.0000  69.3000    0.1300     0.0100     0.0013        
   0.9963     0.0790     8.3841     0.2407     2.5892     0.0097     611.5170   26.5150    10492.3470 3520.7240  -0.3100    -0.4300    0.1200     4637.5000  69.3000    0.1800     0.0200     0.0044        
   1.2281     0.0721     11.0455    0.2328     2.4408     0.0081     1615.5630  45.6440    5675.3460  1716.0600  -0.1700    -0.2700    0.1200     4547.9000  69.3000    0.1400     0.0200     0.0016        
   1.1028     0.1013     11.1121    0.3792     2.3885     0.0132     972.7550   24.1890    10301.4110 4118.5750  0.2600     0.2200     0.1100     4528.5000  69.3000    0.0600     0.0100     0.0020        
   1.0044     0.0772     8.4141     0.2096     2.5894     0.0090     941.0660   45.7070    10744.1780 3214.8400  -0.2100    -0.3200    0.1200     4622.3000  69.3000    0.1600     0.0200     0.0025        
   0.9047     0.1340     10.4694    0.6617     2.3482     0.0137     1506.7740  99.3540    13074.4900 5281.6260  -0.3400    -0.4800    0.1200     4833.3000  69.3000    0.2100     0.0200     0.0013        
   0.9419     0.0459     4.7191     0.0747     3.0649     0.0053     865.1130   27.6490    11152.6790 2288.6880  -0.4300    -0.5900    0.1200     4888.2000  69.3000    0.2300     0.0200     0.0029        
   1.0643     0.3880     11.3292    2.2032     2.3615     0.0129     2059.3660  290.9900   9006.3250  6691.4900  -0.5500    -0.7400    0.1200     5031.8000  69.3000    0.2700     0.0200     0.0001        
   1.1438     0.0768     11.0782    0.2886     2.4080     0.0089     1797.2610  41.7680    8709.5590  2596.4200  0.2000     0.1500     0.1100     4561.5000  69.3000    0.0800     0.0100     0.0000        
   0.9016     0.1153     10.0943    0.4935     2.3803     0.0146     745.0030   32.7880    13303.4150 5245.3580  -0.3300    -0.4800    0.1200     4876.3000  69.3000    0.2200     0.0200     0.0029        
   1.0056     0.2256     12.3718    0.9391     2.2527     0.0250     1603.9350  152.0360   9748.1060  5298.2970  -0.3700    -0.5000    0.1200     4563.3000  69.3000    0.1900     0.0200     0.0016        
   1.6278     0.2094     12.0413    0.5081     2.4863     0.0161     1930.9400  94.2240    2609.3400  1099.4560  0.1600     0.1100     0.1100     4693.5000  69.3000    0.0800     0.0100     0.0000        
   1.0476     0.0822     10.8865    0.3193     2.3845     0.0117     1653.7840  38.3440    12005.3030 3877.7410  0.2300     0.1900     0.1100     4569.3000  69.3000    0.0700     0.0100     0.0000        
   1.0528     0.1141     10.9737    0.4988     2.3777     0.0171     1780.2400  72.2880    9706.9440  4436.1970  -0.0900    -0.1600    0.1200     4703.6000  69.3000    0.1000     0.0100     0.0000        
   0.9715     0.1426     10.7359    0.6915     2.3582     0.0151     1969.4390  126.8750   11876.3790 5370.8580  -0.1900    -0.3500    0.1200     4758.0000  69.3000    0.2200     0.0200     0.0000        
   0.9400     0.2286     14.3996    1.2386     2.0916     0.0195     1984.8110  249.8640   11784.3750 5492.8350  -0.3800    -0.5100    0.1200     4459.5000  69.3000    0.1900     0.0200     0.0001        
   0.8996     0.1105     10.1477    0.4859     2.3739     0.0147     1927.1480  89.3810    13618.2570 5152.4500  -0.2700    -0.4000    0.1200     4832.9000  69.3000    0.1900     0.0200     0.0000        
   0.9092     0.1259     10.5197    0.5325     2.3473     0.0190     1529.3730  86.9890    13098.0260 5262.3050  -0.2700    -0.4100    0.1200     4803.9000  69.3000    0.2100     0.0200     0.0012        
   0.9950     0.0776     8.3878     0.2265     2.5877     0.0102     1345.1200  60.7430    10788.6790 3623.6260  -0.2600    -0.3900    0.1200     4652.9000  69.3000    0.1900     0.0200     0.0016        
   1.0355     0.1056     10.8282    0.4479     2.3817     0.0146     1129.2840  41.1630    10261.8710 4520.6000  -0.0700    -0.1600    0.1200     4691.8000  69.3000    0.1300     0.0100     0.0019        
   1.1121     0.0502     8.0247     0.1221     2.6744     0.0053     1015.8800  30.8360    8343.1030  1959.0280  0.0500     -0.0000    0.1200     4576.2000  69.3000    0.0800     0.0100     0.0021        
   1.0302     0.0896     9.4754     0.3096     2.4936     0.0110     1557.8490  82.2500    7700.0000  2833.3550  -0.5700    -0.7200    0.1200     4750.9000  69.3000    0.2200     0.0200     0.0021        
   1.1807     0.1014     11.3567    0.3820     2.4009     0.0132     1515.2830  39.7910    8111.7020  2819.9230  0.3900     0.3600     0.1100     4525.0000  69.3000    0.0500     0.0100     0.0009        
   0.9788     0.0593     11.0523    0.2799     2.3376     0.0106     1333.3190  39.7150    13103.5180 3484.1490  0.0200     -0.0700    0.1300     4629.2000  69.3000    0.1300     0.0100     0.0009        
   1.1886     0.1031     11.0420    0.3739     2.4297     0.0128     1661.8170  59.2510    5975.3290  2420.7260  -0.2200    -0.3900    0.1200     4783.3000  69.3000    0.2500     0.0200     0.0017        
   1.0540     0.0899     10.7393    0.3258     2.3981     0.0115     1384.6660  37.6140    10887.0190 3818.3780  0.0600     0.0100     0.1200     4618.1000  69.3000    0.0800     0.0100     0.0011        
   0.9995     0.0721     8.7889     0.2456     2.5486     0.0091     1208.4230  76.2000    9118.5480  2994.3820  -0.4800    -0.6400    0.1300     4704.1000  69.3000    0.2300     0.0200     0.0026        
   1.0140     0.0588     7.6198     0.1599     2.6797     0.0071     974.8010   34.1780    10314.0000 2760.2420  -0.2300    -0.3500    0.1200     4620.5000  69.3000    0.1600     0.0200     0.0023        
   1.0049     0.0532     7.7303     0.1616     2.6635     0.0062     428.3560   18.1200    10470.9680 2828.0270  -0.2500    -0.4200    0.1200     4643.7000  69.3000    0.2400     0.0200     0.0045        
   0.8619     0.1361     10.1432    0.6966     2.3572     0.0103     1759.5570  120.4240   13913.9930 5458.0550  -0.4300    -0.5400    0.1200     4969.1000  69.3000    0.1600     0.0200     0.0002        
   0.8440     0.1684     10.8901    0.9430     2.2854     0.0115     1356.9180  102.5340   14409.8160 5788.8110  -0.3300    -0.4700    0.1200     4949.7000  69.3000    0.2100     0.0200     0.0011        
   1.3143     0.0726     11.2358    0.2575     2.4547     0.0086     769.3280   14.9030    5301.1490  1232.5360  0.3100     0.2800     0.1100     4576.3000  69.3000    0.0400     0.0100     0.0039        
   0.9671     0.1517     10.4694    0.5684     2.3820     0.0175     1192.9150  102.1170   11700.0000 4903.5370  -0.2700    -0.4000    0.1200     4542.2000  69.3000    0.2000     0.0200     0.0018        
   0.9515     0.1604     10.5625    0.6170     2.3683     0.0168     1487.0490  140.8630   11549.0380 4928.1020  -0.3700    -0.5100    0.1200     4570.7000  69.3000    0.2100     0.0200     0.0015        
   1.1235     0.3123     11.2377    1.6870     2.3868     0.0157     1509.6620  177.0400   7643.7500  5232.4600  -0.4300    -0.5400    0.1300     4886.3000  69.3000    0.1600     0.0200     0.0020        
   1.1190     0.0344     4.9782     0.0474     3.0917     0.0033     646.6950   12.0640    9015.2780  1189.7270  0.1900     0.1400     0.1100     4676.4000  69.3000    0.0800     0.0100     0.0033        
   1.3872     0.1027     11.5899    0.3284     2.4543     0.0107     683.7410   19.8930    4205.8900  1301.0010  0.2800     0.2500     0.1100     4614.3000  69.3000    0.0500     0.0100     0.0050        
   0.9768     0.0234     3.7466     0.0367     3.2797     0.0034     618.3260   10.9070    11879.0320 1342.4870  -0.1100    -0.1800    0.1200     4865.4000  69.3000    0.1100     0.0100     0.0036        
   0.9203     0.1318     10.4342    0.6232     2.3606     0.0161     1175.5190  70.0720    11672.4830 5127.5970  -0.4900    -0.6400    0.1200     4921.6000  69.3000    0.2200     0.0200     0.0021        
   1.0716     0.1149     11.0433    0.4388     2.3771     0.0161     1611.7210  44.3230    11503.2330 4577.3260  0.2700     0.2400     0.1100     4542.9000  69.3000    0.0400     0.0100     0.0001        
   0.9663     0.0823     7.8979     0.2441     2.6268     0.0103     1019.7620  61.8600    12000.0000 3745.3550  -0.2300    -0.3800    0.1200     4628.2000  69.3000    0.2100     0.0200     0.0020        
   1.0374     0.1279     10.8108    0.6196     2.3820     0.0159     1424.9810  62.7960    10472.5610 4992.8340  -0.1100    -0.2100    0.1200     4751.8000  69.3000    0.1400     0.0200     0.0012        
   1.5548     0.2457     12.1936    0.6469     2.4693     0.0207     1683.8710  82.9290    2977.0900  1616.2620  0.2300     0.2000     0.1100     4673.9000  69.3000    0.0400     0.0100     0.0005        
   1.0042     0.0658     8.2161     0.1946     2.6109     0.0074     790.6790   37.4770    10758.9040 3135.9350  -0.2200    -0.3400    0.1200     4617.6000  69.3000    0.1800     0.0200     0.0030        
   1.0064     0.1366     10.7103    0.6931     2.3756     0.0146     1514.7260  83.3280    11433.6610 5253.4490  -0.1400    -0.2600    0.1200     4765.4000  69.3000    0.1700     0.0200     0.0011        
   1.3496     0.0792     11.3706    0.2591     2.4578     0.0097     1297.6730  31.9380    4607.2490  1285.9410  -0.0000    -0.0600    0.1200     4487.7000  69.3000    0.0900     0.0100     0.0028        
   0.9986     0.0796     8.5194     0.2411     2.5771     0.0098     621.3350   26.9900    9618.7500  3117.6550  -0.3700    -0.5400    0.1200     4660.4000  69.3000    0.2400     0.0200     0.0047        
   0.9671     0.1977     13.6326    1.0813     2.1524     0.0146     1237.1040  152.7150   12496.1540 5589.8920  -0.2000    -0.2800    0.1200     4417.1000  69.3000    0.1200     0.0200     0.0014        
   1.1811     0.1007     11.1966    0.3397     2.4137     0.0125     1180.7360  29.4070    7835.6060  2735.5070  0.2100     0.1700     0.1100     4571.7000  69.3000    0.0600     0.0100     0.0016        
   1.0036     0.1499     10.5517    0.5457     2.3922     0.0167     1519.3670  114.5160   9859.0000  4347.9530  -0.3400    -0.4400    0.1200     4584.1000  69.3000    0.1500     0.0200     0.0016        
   1.0961     0.0914     11.0282    0.3962     2.3922     0.0096     836.5190   25.4110    9455.2920  3590.5200  0.0300     -0.0500    0.1200     4617.7000  69.3000    0.1300     0.0100     0.0025        
   1.1306     0.1126     11.0727    0.4048     2.4028     0.0144     1810.8290  60.2240    9150.8620  3635.6310  0.1300     0.0700     0.1100     4576.8000  69.3000    0.0800     0.0100     0.0000        
   1.0568     0.0666     7.8412     0.1819     2.6748     0.0084     869.8910   33.6110    10853.0000 3105.1440  0.1000     0.0500     0.1100     4542.0000  69.3000    0.0900     0.0100     0.0021        
   1.4374     0.0891     11.4044    0.2812     2.4840     0.0100     1767.2680  37.9040    3761.3370  930.1870   0.3000     0.2600     0.1100     4592.1000  69.3000    0.0600     0.0100     0.0001        
   0.9994     0.0857     8.1185     0.2506     2.6175     0.0107     734.2630   38.4800    10860.7760 3718.6980  -0.1700    -0.2400    0.1200     4685.7000  69.3000    0.1000     0.0200     0.0031        
   0.9561     0.0955     10.3396    0.3754     2.3880     0.0132     1778.0090  70.7990    13098.0260 5046.4570  -0.1400    -0.2400    0.1200     4748.1000  69.3000    0.1400     0.0200     0.0000        
   0.9688     0.0295     4.0005     0.0454     3.2188     0.0041     783.9460   15.1210    12200.0000 1586.9810  -0.1200    -0.2400    0.1200     4838.7000  69.3000    0.1700     0.0200     0.0025        
   0.9513     0.1408     10.2174    0.5490     2.3927     0.0216     1952.5850  89.4680    11233.9290 5586.4320  -0.4100    -0.5100    0.1200     4915.5000  69.3000    0.1500     0.0200     0.0000        
   1.0905     0.1013     11.4939    0.3983     2.3524     0.0152     1245.1010  53.7530    10528.5430 4168.6010  0.1000     0.0500     0.1200     4564.8000  69.3000    0.0900     0.0100     0.0010        
   1.0882     0.0660     7.9436     0.1645     2.6731     0.0073     1096.0000  44.8740    9155.2940  2387.6930  -0.0200    -0.0800    0.1100     4603.7000  69.3000    0.0800     0.0100     0.0020        
   1.0045     0.0680     10.7069    0.2662     2.3771     0.0096     1005.3730  28.8620    12681.2500 3659.5900  0.1600     0.1000     0.1100     4697.6000  69.3000    0.0800     0.0100     0.0015        
   1.1901     0.1046     8.0957     0.2637     2.6945     0.0102     1178.7200  49.8370    7407.7870  2870.1640  0.3100     0.2700     0.1100     4484.1000  69.3000    0.0600     0.0100     0.0016        
   1.0547     0.1032     10.9432    0.4760     2.3806     0.0134     1427.3150  55.8570    10242.8570 4694.2670  -0.0200    -0.0700    0.1100     4682.1000  69.3000    0.0800     0.0100     0.0012        
   1.0271     0.0885     10.6560    0.3542     2.3951     0.0093     754.8600   23.0010    10378.9560 4131.3210  -0.1300    -0.2200    0.1200     4717.8000  69.3000    0.1400     0.0200     0.0028        
   1.0380     0.0761     10.8598    0.3496     2.3808     0.0081     1531.2170  49.2350    11289.0130 3483.1430  0.0600     0.0000     0.1100     4622.2000  69.3000    0.0800     0.0100     0.0006        
   1.0077     0.0520     10.7707    0.2068     2.3756     0.0089     1533.0330  27.2530    13526.5490 3358.5760  0.3100     0.2800     0.1100     4505.5000  69.3000    0.0500     0.0100     0.0001        
   1.0102     0.0679     10.7294    0.2732     2.3775     0.0116     1525.4330  40.2460    13025.2730 3750.5080  0.1800     0.1300     0.1100     4581.0000  69.3000    0.0700     0.0100     0.0006        
   1.0749     0.0828     8.2569     0.2236     2.6332     0.0099     603.4890   26.0670    9421.6350  3553.3390  -0.1000    -0.2100    0.1200     4567.5000  69.3000    0.1700     0.0200     0.0041        
   0.9013     0.1336     10.5063    0.6607     2.3449     0.0121     2055.0970  140.5420   13289.6230 5311.1830  -0.3300    -0.4700    0.1200     4827.7000  69.3000    0.1900     0.0200     0.0000        
   0.9859     0.0459     6.1681     0.0965     2.8495     0.0056     1232.1150  36.5550    7374.0740  1375.9880  -0.8600    -0.9700    0.1500     5016.2000  69.3000    0.1700     0.0300     0.0026        
   1.0508     0.1956     11.0901    0.9531     2.3650     0.0291     1753.2900  133.3760   10113.4620 5347.2400  -0.1200    -0.2000    0.1200     4718.4000  69.3000    0.1300     0.0200     0.0000        
   1.1156     0.1731     10.7704    0.6135     2.4223     0.0284     1704.0560  78.2160    7249.3420  4667.7500  -0.3500    -0.5000    0.1200     4927.3000  69.3000    0.2200     0.0200     0.0017        
   1.1280     0.1216     10.4911    0.3982     2.4489     0.0142     1521.3420  79.7050    7219.7920  3222.8360  -0.1900    -0.2900    0.1300     4557.9000  69.3000    0.1500     0.0200     0.0017        
   0.9275     0.1430     10.4258    0.5878     2.3619     0.0236     1545.9520  86.0870    11554.1980 5352.8080  -0.4600    -0.5800    0.1200     4926.2000  69.3000    0.1800     0.0200     0.0014        
   0.9787     0.0659     8.1262     0.2053     2.6075     0.0087     912.6760   50.6980    10381.9440 3178.1220  -0.3700    -0.4800    0.1200     4660.6000  69.3000    0.1700     0.0200     0.0028        
   0.9771     0.2522     10.4988    1.4700     2.3824     0.0147     1341.7760  147.9540   10129.8390 6377.5020  -0.5500    -0.7200    0.1200     5108.6000  69.3000    0.2400     0.0200     0.0021        
   0.9242     0.0340     4.2544     0.0532     3.1463     0.0053     720.2880   21.3610    10547.5000 1979.8860  -0.6900    -0.8500    0.1300     4989.2000  69.3000    0.2200     0.0200     0.0043        
   1.0630     0.0864     7.8064     0.2090     2.6778     0.0107     969.6350   36.8610    9928.5710  3125.8060  -0.0100    -0.0800    0.1200     4569.6000  69.3000    0.1200     0.0100     0.0022   
   0.8708     0.1446     9.7622     0.6093     2.3941     0.0158     1975.5850  93.3820    12863.3800 5772.5400  -0.5400    -0.7300    0.1300     5046.6000  69.3000    0.2700     0.0200     0.0001        
   0.9981     0.1056     8.0650     0.3012     2.6235     0.0123     460.8610   23.4600    11154.6430 3880.8000  -0.2200    -0.3300    0.1200     4630.6000  69.3000    0.1600     0.0200     0.0043        
   1.0779     0.0481     5.4243     0.0888     3.0025     0.0054     893.2350   26.7480    9625.0000  2359.3860  0.0700     0.0100     0.1200     4694.4000  69.3000    0.1000     0.0100     0.0022        
   0.8562     0.1385     9.9737     0.6499     2.3655     0.0169     1521.1080  100.4530   13187.0000 5454.9240  -0.6500    -0.7700    0.1400     5028.5000  69.3000    0.1700     0.0200     0.0013        
   1.0287     0.0770     9.0669     0.2522     2.5341     0.0086     1197.6110  48.1800    9873.2140  2559.8960  -0.0700    -0.1400    0.1200     4533.7000  69.3000    0.1000     0.0100     0.0015        
   1.0762     0.1024     10.6168    0.3371     2.4177     0.0173     1886.8110  59.5400    7291.6670  3151.5690  -0.3800    -0.4700    0.1300     4902.0000  69.3000    0.1300     0.0200     0.0002        
   0.9883     0.1557     11.0841    0.6569     2.3359     0.0232     1111.3230  73.9120    12500.6620 5301.2020  -0.0800    -0.1800    0.1200     4637.5000  69.3000    0.1500     0.0100     0.0016        
   1.0745     0.0643     8.0748     0.1693     2.6546     0.0073     535.3180   15.5440    8408.4510  2493.2940  -0.1300    -0.2300    0.1200     4636.2000  69.3000    0.1500     0.0200     0.0044        
   1.0232     0.1206     10.2198    0.4321     2.4263     0.0142     925.2050   63.3590    10503.1650 4055.4820  -0.2000    -0.3200    0.1200     4524.5000  69.3000    0.1800     0.0200     0.0025        
   0.9924     0.1298     10.4685    0.5663     2.3917     0.0178     1694.1470  75.6320    10302.6090 5235.9440  -0.3500    -0.4700    0.1100     4865.0000  69.3000    0.1800     0.0200     0.0004        
   1.0136     0.1432     10.5881    0.6038     2.3883     0.0221     600.8590   29.5780    10435.4510 5228.0300  -0.2300    -0.3500    0.1200     4815.2000  69.3000    0.1800     0.0200     0.0043        
   0.8951     0.1334     10.6392    0.6235     2.3328     0.0126     1106.1910  70.3840    14297.6850 5413.4310  -0.1000    -0.2200    0.1200     4790.0000  69.3000    0.1700     0.0200     0.0012        
   0.9477     0.2021     10.6023    1.0900     2.3572     0.0155     1535.6080  146.6270   10991.8140 5881.8380  -0.5900    -0.7500    0.1300     4940.7000  69.3000    0.2400     0.0200     0.0017        
   1.4042     0.0952     11.4431    0.2920     2.4702     0.0095     516.7740   16.4110    3742.1950  1100.0380  0.0400     -0.0100    0.1200     4661.1000  69.3000    0.0900     0.0100     0.0063        
   0.9673     0.1243     9.9800     0.4433     2.4236     0.0139     1379.3590  107.4480   8232.3370  3016.9990  -0.8400    -0.9900    0.1300     4831.7000  69.3000    0.2200     0.0300     0.0025        
   1.0624     0.0321     4.6644     0.0557     3.1274     0.0042     643.5790   17.1670    10735.5930 1665.3190  0.2700     0.2400     0.1100     4670.7000  69.3000    0.0500     0.0100     0.0028        
   0.9283     0.1570     10.5015    0.7762     2.3534     0.0182     1031.9580  70.3230    12240.7090 5432.9480  -0.4000    -0.5500    0.1200     4844.0000  69.3000    0.2200     0.0200     0.0024        
   1.1136     0.0993     10.8911    0.3405     2.4099     0.0127     1250.7560  33.8970    8867.7510  3296.2820  0.0900     0.0100     0.1200     4653.9000  69.3000    0.1200     0.0100     0.0013        
   0.9884     0.1122     10.8881    0.4972     2.3558     0.0136     1601.1760  78.6890    11842.0380 4819.7870  -0.1200    -0.2100    0.1300     4717.2000  69.3000    0.1400     0.0200     0.0003        
   0.9216     0.1312     10.4579    0.6300     2.3600     0.0126     1866.0480  117.5840   11727.8910 5090.6910  -0.4600    -0.6100    0.1200     4864.2000  69.3000    0.2100     0.0200     0.0001        
   1.0890     0.0516     7.8697     0.1386     2.6832     0.0062     868.4600   27.0380    9056.0240  2227.7820  0.0200     -0.0200    0.1200     4585.4000  69.3000    0.0700     0.0100     0.0025        
   2.0545     0.2463     13.5588    0.5761     2.4822     0.0244     788.1710   40.5290    1301.8220  563.6380   0.3400     0.3100     0.1200     4482.9000  69.3000    0.0500     0.0100     0.0143       
