10 5
0.017
0.017e-1
0.017e-2
0.017e-4
0.
12
13
15
18
20
22
25
30
35
40
0.51515E-02 
0.16671E-01 
0.14309E-01 
0.50661E-02 
0.76050E-02 
0.12558E-01 
0.15419E-01 
0.16450E-01 
0.76986E-02 
0.16368E-01 
0.95039E-02   
0.14448E-01   
0.12718E-01   
0.47385E-02   
0.11934E-01   
0.50579E-02 
0.84103E-02 
0.82249E-02 
0.98046E-02 
0.00000E+00 
0.59003E-02
0.68074E-02
0.40597E-02
0.49959E-02
0.00000E+00
0.11236E-01   
0.62809E-02   
0.49606E-02   
0.61542E-02   
0.81432E-02   
0.66959E-02   
0.89836E-02   
0.82132E-02   
0.89037E-02   
0.12542E-01   
0.16898E-01   
0.66904E-02   
0.64699E-02   
0.75699E-02   
0.11384E-01   
0.86931E-03   
0.44811E-04   
0.56626E-02   
0.00000E+00   
0.00000E+00   
0.85761E-03
0.44811E-04
0.00000E+00
0.00000E+00
0.00000E+00
