  .15000E+02  .14000E+02                                               !Silicon modified on Jan 14th 03
  .10000E-06  .10000E-04  .10000E+03  .10000E+05
  .10000E+02  .20000E+01
  .10000E+01  .80000E-01  .80000E-03  .15000E+01  .13333E+01
 12
        28       110      3000       100
  .22000E+02  .20000E+02  .18000E+02  .16000E+02  .14000E+02  .12000E+02   ! galactic Radii in Kpc
  .10000E+02  .80000E+01  .60000E+01  .40000E+01  .20000E+01  .00000E+00   ! galactic Radii in Kpc
  .75900E+00  .44000E-04  .20000E-04  .24100E+00  .10000E-10               ! Chemical compostion of the
  .10000E-20  .10000E-20  .10000E-20  .10000E-20  .10000E-20               ! infall for 33 isotopes
  .10000E-20  .10000E-20  .10000E-20  .10000E-20  .10000E-20               !
  .10000E-20  .10000E-20  .10000E-20  .10000E-20  .85000E-09               !
  .10000E-20  .10000E-20  .10000E-20  .10000E-20  .10000E-20               !
  .10000E-20  .10000E-20  .10000E-20  .10000E-20  .10000E-20
  .10000E-20  .10000E-20  .10000E-20  .10000E-20  .10000E-20
  .10000E-20  .10000E-20 
  .10000E+00  .14000E+00  .15700E+00  .17600E+00  .19800E+00
  .22200E+00  .25000E+00  .27900E+00  .31300E+00  .35000E+00
  .39400E+00  .44300E+00  .49700E+00  .55700E+00  .62500E+00
  .70000E+00  .78700E+00  .88400E+00  .99100E+00  .11100E+01
  .12500E+01  .14000E+01  .15000E+01  .15500E+01  .16000E+01
  .16500E+01  .17000E+01  .17500E+01  .18000E+01  .18500E+01
  .19000E+01  .19500E+01  .20000E+01  .20500E+01  .21000E+01
  .21500E+01  .22000E+01  .22500E+01  .23000E+01  .23500E+01
  .24000E+01  .24500E+01  .25000E+01  .25500E+01  .26000E+01
  .26500E+01  .27000E+01  .27500E+01  .28000E+01  .28500E+01
  .29000E+01  .29500E+01  .30000E+01  .31300E+01  .35100E+01
  .39400E+01  .40000E+01  .42000E+01  .44000E+01  .46000E+01
  .48000E+01  .50000E+01  .52000E+01  .54000E+01  .56000E+01
  .58000E+01  .60000E+01  .62000E+01  .64000E+01  .66000E+01
  .68000E+01  .70000E+01  .72000E+01  .74000E+01  .76000E+01
  .78000E+01  .80000E+01  .82000E+01  .83000E+01  .84000E+01
  .86000E+01  .88000E+01  .90000E+01  .95000E+01  .10000E+02
  .10200E+02  .10400E+02  .10600E+02  .10800E+02  .11000E+02
  .11200E+02  .11400E+02  .11600E+02  .11800E+02  .12000E+02
  .13000E+02  .15000E+02  .22150E+02  .24860E+02  .27890E+02
  .31300E+02  .35100E+02  .39400E+02  .44200E+02  .49600E+02
  .55650E+02  .62400E+02  .70000E+02  .78600E+02  .80000E+02
  .10000E+02  .20000E-04
  .15000E+02  .90000E+01  .80000E+01  .10000E+02
  .60000E+01  .50000E+01  .30000E+01  .25000E+01
  .20000E+01  .50000E+00  .10000E-01  .50000E-02
  .33100E+01  .52700E+01  .84000E+01  .13400E+02
  .21300E+02  .33900E+02  .54000E+02  .86000E+02
  .13700E+03  .21800E+03  .34700E+03  .55300E+03
        14                                                         ! Nb of mass steps for IM stars 
        18                                                         ! Nb of mass steps for massive star
  .00000E+00  .00000E+00  .00000E+00  .00000E+00  .00000E+00       ! 0.5 Msol for Z=0.001
  .00000E+00  .00000E+00  .00000E+00  .00000E+00  .00000E+00                 
  .00000E+00  .00000E+00  .00000E+00  .50000E+00	                     
  .95300E-02  .00000E+00  .00000E+00  .17300E-04  .00000E+00       ! 0.8 Msol for Z=0.001
  .00000E+00  .00000E+00  .00000E+00  .00000E+00  .00000E+00                 
  .00000E+00  .00000E+00  .00000E+00  .56000E+00	                     
  .11900E-01  .00000E+00  .00000E+00  .22300E-04  .00000E+00       ! 0.9 Msol for Z=0.001
  .00000E+00  .00000E+00  .00000E+00  .00000E+00  .00000E+00                 
  .00000E+00  .00000E+00  .00000E+00  .58000E+00	                     
  .17900E-01  .16900E-02  .15000E-03  .28100E-04  .00000E+00       ! 1.0 Msol for Z=0.001
  .00000E+00  .00000E+00  .00000E+00  .00000E+00  .00000E+00                 
  .00000E+00  .00000E+00  .00000E+00  .59000E+00	                     
  .39900E-01  .92200E-02  .81600E-03  .43400E-04  .00000E+00       ! 1.3 Msol for Z=0.001
  .00000E+00  .00000E+00  .00000E+00  .00000E+00  .00000E+00                 
  .00000E+00  .00000E+00  .00000E+00  .60000E+00	                     
  .52200E-01  .14200E-01  .12600E-02  .55900E-04  .00000E+00       ! 1.5 Msol for Z=0.001
  .00000E+00  .00000E+00  .00000E+00  .00000E+00  .00000E+00                 
  .00000E+00  .00000E+00  .00000E+00  .64000E+00	                     
  .61400E-01  .18400E-01  .16200E-02  .68000E-04  .00000E+00       ! 1.7 Msol 
  .00000E+00  .00000E+00  .00000E+00  .00000E+00  .00000E+00                 
  .00000E+00  .00000E+00  .00000E+00  .66000E+00	                     
  .87400E-01  .26800E-01  .23600E-02  .14200E-03  .00000E+00       ! 2.0 Msol
  .00000E+00  .00000E+00  .00000E+00  .00000E+00  .00000E+00                 
  .00000E+00  .00000E+00  .00000E+00  .71000E+00	                     
  .10300E+00  .37000E-01  .32500E-02  .19200E-03  .00000E+00       ! 2.5 Msol
  .00000E+00  .00000E+00  .00000E+00  .00000E+00  .00000E+00                 
  .00000E+00  .00000E+00  .00000E+00  .79000E+00 	                     
  .10900E+00  .42000E-01  .37200E-02  .20900E-03  .00000E+00       ! 3.0 Msol
  .00000E+00  .00000E+00  .00000E+00  .00000E+00  .00000E+00                 
  .00000E+00  .00000E+00  .00000E+00  .89000E+00	                     
  .19200E+00  .99200E-02  .53200E-02  .56400E-01  .18600E-02       ! 4.0 Msol
  .00000E+00  .00000E+00  .00000E+00  .00000E+00  .00000E+00                 
  .00000E+00  .00000E+00  .00000E+00  .10300E+01	                     
  .27800E+00  .84500E-02  .47900E-02  .92500E-01  .10500E-02       ! 5.0 Msol
  .00000E+00  .00000E+00  .00000E+00  .00000E+00  .00000E+00                 
  .00000E+00  .00000E+00  .00000E+00  .11500E+01 	                     
  .78400E-01  .17300E-02  .17200E-03  .22700E-01  .25500E-03       ! 7.0 Msol
  .00000E+00  .00000E+00  .00000E+00  .00000E+00  .00000E+00                 
  .00000E+00  .00000E+00  .00000E+00  .51600E+01	                     
  .78400E-01  .17300E-02  .17200E-03  .22700E-01  .25500E-03       ! 8.0 Msol for Z=0.001
  .00000E+00  .00000E+00  .00000E+00  .00000E+00  .00000E+00
  .00000E+00  .00000E+00  .00000E+00  .51600E+01
  .00000E+00  .00000E+00  .00000E+00  .00000E+00  .00000E+00       ! 0.5 Msol for Z=0.004
  .00000E+00  .00000E+00  .00000E+00  .00000E+00  .00000E+00                 
  .00000E+00  .00000E+00  .00000E+00  .50000E+00	                     
  .86800E-02  .00000E+00  .00000E+00  .70600E-04  .45300E-05       ! 0.8 Msol for Z=0.004
  .00000E+00  .00000E+00  .00000E+00  .00000E+00  .00000E+00                 
  .00000E+00  .00000E+00  .00000E+00  .57000E+00	                     
  .10900E-01  .00000E+00  .00000E+00  .93600E-04  .57900E-05       ! 0.9 Msol
  .00000E+00  .00000E+00  .00000E+00  .00000E+00  .00000E+00                 
  .00000E+00  .00000E+00  .00000E+00  .58000E+00	                     
  .15000E-01  .66500E-03  .62600E-04  .12200E-03  .72900E-05       ! 1.0 Msol
  .00000E+00  .00000E+00  .00000E+00  .00000E+00  .00000E+00                 
  .00000E+00  .00000E+00  .00000E+00  .59000E+00	                     
  .26500E-01  .35200E-02  .29400E-03  .20300E-03  .11200E-04       ! 1.3 Msol
  .00000E+00  .00000E+00  .00000E+00  .00000E+00  .00000E+00                 
  .00000E+00  .00000E+00  .00000E+00  .60000E+00	                     
  .37900E-01  .76200E-02  .66600E-03  .28500E-03  .13700E-04       ! 1.5 Msol
  .00000E+00  .00000E+00  .00000E+00  .00000E+00  .00000E+00                 
  .00000E+00  .00000E+00  .00000E+00  .60000E+00	                     
  .44000E-01  .10300E-01  .87900E-03  .35000E-03  .16000E-04       ! 1.7 Msol
  .00000E+00  .00000E+00  .00000E+00  .00000E+00  .00000E+00                 
  .00000E+00  .00000E+00  .00000E+00  .61000E+00	                     
  .71400E-01  .17900E-01  .13900E-02  .64000E-03  .20200E-04       ! 2.0 Msol  for Z=0.004
  .00000E+00  .00000E+00  .00000E+00  .00000E+00  .00000E+00                 
  .00000E+00  .00000E+00  .00000E+00  .63000E+00	                     
  .10400E+00  .27200E-01  .20100E-02  .98700E-03  .28500E-04       ! 2.5 Msol
  .00000E+00  .00000E+00  .00000E+00  .00000E+00  .00000E+00                 
  .00000E+00  .00000E+00  .00000E+00  .66000E+00	                     
  .13000E+00  .38100E-01  .28500E-02  .12500E-02  .34800E-04       ! 3.0 Msol
  .00000E+00  .00000E+00  .00000E+00  .00000E+00  .00000E+00                 
  .00000E+00  .00000E+00  .00000E+00  .69000E+00	                     
  .12000E+00  .59600E-02  .23100E-02  .31500E-01  .15800E-02       ! 4.0 Msol  for Z=0.004
  .00000E+00  .00000E+00  .00000E+00  .00000E+00  .00000E+00                 
  .00000E+00  .00000E+00  .00000E+00  .95000E+00	                     
  .18400E+00  .36300E-02  .24200E-02  .55000E-01  .72500E-03       ! 5.0 Msol
  .00000E+00  .00000E+00  .00000E+00  .00000E+00  .00000E+00                 
  .00000E+00  .00000E+00  .00000E+00  .10300E+01	                     
  .26700E+00  .46000E-02  .00000E+00  .89600E-01  .12700E-02       ! 7.0 Msol  for Z=0.004
  .00000E+00  .00000E+00  .00000E+00  .00000E+00  .00000E+00                 
  .00000E+00  .00000E+00  .00000E+00  .12000E+01	                     
  .26700E+00  .46000E-02  .00000E+00  .89600E-01  .12700E-02       ! 8.0 Msol  for Z=0.004
  .00000E+00  .00000E+00  .00000E+00  .00000E+00  .00000E+00
  .00000E+00  .00000E+00  .00000E+00  .12000E+01
  .00000E+00  .00000E+00  .00000E+00  .00000E+00  .00000E+00       ! 0.5 Msol  for Z=0.008
  .00000E+00  .00000E+00  .00000E+00  .00000E+00  .00000E+00                 
  .00000E+00  .00000E+00  .00000E+00  .50000E+00	                     
  .91900E-02  .15700E-04  .38600E-04  .14300E-03  .90800E-05       ! 0.8 Msol  for Z=0.008
  .00000E+00  .00000E+00  .00000E+00  .00000E+00  .00000E+00                 
  .00000E+00  .00000E+00  .00000E+00  .56000E+00	                     
  .10800E-01  .00000E+00  .25700E-04  .17800E-03  .11200E-04       ! 0.9 Msol
  .00000E+00  .00000E+00  .00000E+00  .00000E+00  .00000E+00                 
  .00000E+00  .00000E+00  .00000E+00  .58000E+00	                     
  .13400E-01  .00000E+00  .53600E-04  .24100E-03  .14400E-04       ! 1.0 Msol  for Z=0.008
  .00000E+00  .00000E+00  .00000E+00  .00000E+00  .00000E+00                 
  .00000E+00  .00000E+00  .00000E+00  .58000E+00	                     
  .22600E-01  .16600E-02  .19200E-03  .40000E-03  .22200E-04       ! 1.3 Msol
  .00000E+00  .00000E+00  .00000E+00  .00000E+00  .00000E+00                 
  .00000E+00  .00000E+00  .00000E+00  .59000E+00	                     
  .28700E-01  .37900E-02  .32400E-03  .53400E-03  .27500E-04       ! 1.5 Msol  for Z=0.008
  .00000E+00  .00000E+00  .00000E+00  .00000E+00  .00000E+00                 
  .00000E+00  .00000E+00  .00000E+00  .59000E+00	                     
  .31600E-01  .49500E-02  .42300E-03  .67000E-03  .32300E-04       ! 1.7 Msol
  .00000E+00  .00000E+00  .00000E+00  .00000E+00  .00000E+00                 
  .00000E+00  .00000E+00  .00000E+00  .60000E+00	                     
  .49800E-01  .87800E-02  .50800E-03  .11500E-02  .43000E-04       ! 2.0 Msol  for Z=0.008
  .00000E+00  .00000E+00  .00000E+00  .00000E+00  .00000E+00                 
  .00000E+00  .00000E+00  .00000E+00  .61000E+00	                     
  .81300E-01  .13800E-01  .58700E-03  .18300E-02  .59000E-04       ! 2.5 Msol
  .00000E+00  .00000E+00  .00000E+00  .00000E+00  .00000E+00                 
  .00000E+00  .00000E+00  .00000E+00  .63000E+00	                     
  .10300E+00  .20400E-01  .91500E-03  .23500E-02  .73500E-04       ! 3.0 Msol
  .00000E+00  .00000E+00  .00000E+00  .00000E+00  .00000E+00                 
  .00000E+00  .00000E+00  .00000E+00  .64000E+00	                     
  .10500E+00  .26300E-02  .22900E-03  .17700E-01  .12000E-02       ! 4.0 Msol  for Z=0.008
  .00000E+00  .00000E+00  .00000E+00  .00000E+00  .00000E+00                 
  .00000E+00  .00000E+00  .00000E+00  .90000E+00	                     
  .13200E+00  .52000E-05  .33000E-03  .32100E-01  .48500E-03       ! 5.0 Msol
  .00000E+00  .00000E+00  .00000E+00  .00000E+00  .00000E+00                 
  .00000E+00  .00000E+00  .00000E+00  .97000E+00	                     
  .21800E+00  .32100E-03  .00000E+00  .61700E-01  .91000E-03       ! 7.0 Msol  for Z=0.008
  .00000E+00  .00000E+00  .00000E+00  .00000E+00  .00000E+00                 
  .00000E+00  .00000E+00  .00000E+00  .11100E+01	                     
  .32500E+00  .00000E+00  .00000E+00  .88800E-01  .12600E-02       ! 8.0 Msol  for Z=0.008
  .00000E+00  .00000E+00  .00000E+00  .00000E+00  .00000E+00
  .00000E+00  .00000E+00  .00000E+00  .12000E+01
  .00000E+00  .00000E+00  .00000E+00  .00000E+00  .00000E+00       ! 0.5 Msol  for Z=0.020
  .00000E+00  .00000E+00  .00000E+00  .00000E+00  .00000E+00                 
  .00000E+00  .00000E+00  .00000E+00  .50000E+00	                     
  .78900E-02  .00000E+00  .00000E+00  .36300E-03  .23700E-04       ! 0.8 Msol  for Z=0.020
  .00000E+00  .00000E+00  .00000E+00  .00000E+00  .00000E+00                 
  .00000E+00  .00000E+00  .00000E+00  .54000E+00	                     
  .89300E-02  .00000E+00  .00000E+00  .43700E-03  .27800E-04       ! 0.9 Msol
  .00000E+00  .00000E+00  .00000E+00  .00000E+00  .00000E+00                 
  .00000E+00  .00000E+00  .00000E+00  .57000E+00	                     
  .18600E-01  .00000E+00  .98100E-03  .77300E-03  .48000E-04       ! 1.0 Msol  for Z=0.020
  .00000E+00  .00000E+00  .00000E+00  .00000E+00  .00000E+00                 
  .00000E+00  .00000E+00  .00000E+00  .58000E+00	                     
  .19200E-01  .00000E+00  .54100E-03  .11300E-02  .63800E-04       ! 1.3 Msol
  .00000E+00  .00000E+00  .00000E+00  .00000E+00  .00000E+00                 
  .00000E+00  .00000E+00  .00000E+00  .59000E+00	                     
  .24000E-01  .12100E-02  .55700E-03  .14800E-02  .76900E-04       ! 1.5 Msol  for Z=0.020
  .00000E+00  .00000E+00  .00000E+00  .00000E+00  .00000E+00                 
  .00000E+00  .00000E+00  .00000E+00  .59000E+00	                     
  .24300E-01  .21800E-02  .30300E-03  .17300E-02  .85500E-04       ! 1.7 Msol
  .00000E+00  .00000E+00  .00000E+00  .00000E+00  .00000E+00                 
  .00000E+00  .00000E+00  .00000E+00  .59000E+00	                     
  .40000E-01  .47000E-02  .15500E-03  .25400E-02  .11900E-03       ! 2.0 Msol
  .00000E+00  .00000E+00  .00000E+00  .00000E+00  .00000E+00                 
  .00000E+00  .00000E+00  .00000E+00  .60000E+00	                     
  .69000E-01  .10100E-01  .00000E+00  .38500E-02  .16000E-03       ! 2.5 Msol  for Z=0.020
  .00000E+00  .00000E+00  .00000E+00  .00000E+00  .00000E+00                 
  .00000E+00  .00000E+00  .00000E+00  .60000E+00	                     
  .98700E-01  .15300E-01  .00000E+00  .51900E-02  .20000E-03       ! 3.0 Msol
  .00000E+00  .00000E+00  .00000E+00  .00000E+00  .00000E+00                 
  .00000E+00  .00000E+00  .00000E+00  .62000E+00	                     
  .12500E+00  .18500E-01  .00000E+00  .72800E-02  .27900E-03       ! 4.0 Msol
  .00000E+00  .00000E+00  .00000E+00  .00000E+00  .00000E+00                 
  .00000E+00  .00000E+00  .00000E+00  .79000E+00	                     
  .15700E+00  .00000E+00  .00000E+00  .36500E-01  .70500E-03       ! 5.0 Msol  for Z=0.020
  .00000E+00  .00000E+00  .00000E+00  .00000E+00  .00000E+00                 
  .00000E+00  .00000E+00  .00000E+00  .92000E+00	                     
  .25100E+00  .00000E+00  .00000E+00  .68300E-01  .11900E-02       ! 7.0 Msol  for Z=0.020
  .00000E+00  .00000E+00  .00000E+00  .00000E+00  .00000E+00                 
  .00000E+00  .00000E+00  .00000E+00  .10700E+01	                     
  .31200E+00  .00000E+00  .00000E+00  .86400E-01  .14100E-02       ! 8.0 Msol  for Z=0.020
  .00000E+00  .00000E+00  .00000E+00  .00000E+00  .00000E+00
  .00000E+00  .00000E+00  .00000E+00  .11500E+01
  .00000E+00  .00000E+00  .00000E+00  .00000E+00  .00000E+00       ! 0.5 Msol  for Z=0.020
  .00000E+00  .00000E+00  .00000E+00  .00000E+00  .00000E+00                 
  .00000E+00  .00000E+00  .00000E+00  .50000E+00	                     
  .66700E-02  .95200E-06  .20600E-05  .83200E-03  .54500E-04       ! 0.8 Msol  for Z=0.040
  .00000E+00  .00000E+00  .00000E+00  .00000E+00  .00000E+00                 
  .00000E+00  .00000E+00  .00000E+00  .53000E+00	                     
  .77200E-02  .00000E+00  .00000E+00  .10300E-02  .65600E-04       ! 0.9 Msol  for Z=0.040
  .00000E+00  .00000E+00  .00000E+00  .00000E+00  .00000E+00                 
  .00000E+00  .00000E+00  .00000E+00  .55000E+00	                     
  .20400E-01  .00000E+00  .19100E-02  .17100E-02  .11300E-03       ! 1.0 Msol
  .00000E+00  .00000E+00  .00000E+00  .00000E+00  .00000E+00                 
  .00000E+00  .00000E+00  .00000E+00  .55000E+00	                     
  .11900E-01  .00000E+00  .00000E+00  .22200E-02  .12800E-03       ! 1.3 Msol  for Z=0.040
  .00000E+00  .00000E+00  .00000E+00  .00000E+00  .00000E+00                 
  .00000E+00  .00000E+00  .00000E+00  .56000E+00	                     
  .13100E-01  .00000E+00  .34200E-04  .30700E-02  .16300E-03       ! 1.5 Msol  for Z=0.040
  .00000E+00  .00000E+00  .00000E+00  .00000E+00  .00000E+00                 
  .00000E+00  .00000E+00  .00000E+00  .57000E+00	                     
  .14000E-01  .00000E+00  .34200E-03  .39100E-02  .19500E-03       ! 1.7 Msol
  .00000E+00  .00000E+00  .00000E+00  .00000E+00  .00000E+00                 
  .00000E+00  .00000E+00  .00000E+00  .58000E+00	                     
  .24600E-01  .00000E+00  .17600E-03  .48800E-02  .28400E-03       ! 2.0 Msol  for Z=0.040
  .00000E+00  .00000E+00  .00000E+00  .00000E+00  .00000E+00                 
  .00000E+00  .00000E+00  .00000E+00  .59000E+00	                     
  .46700E-01  .15200E-02  .00000E+00  .70000E-02  .38000E-03       ! 2.5 Msol
  .00000E+00  .00000E+00  .00000E+00  .00000E+00  .00000E+00                 
  .00000E+00  .00000E+00  .00000E+00  .60000E+00	                     
  .78600E-01  .56700E-02  .28900E-03  .95100E-02  .47400E-03       ! 3.0 Msol  for Z=0.040
  .00000E+00  .00000E+00  .00000E+00  .00000E+00  .00000E+00                 
  .00000E+00  .00000E+00  .00000E+00  .61000E+00	                     
  .12600E+00  .18200E-01  .00000E+00  .13200E-01  .64400E-03       ! 4.0 Msol  for Z=0.040
  .00000E+00  .00000E+00  .00000E+00  .00000E+00  .00000E+00                 
  .00000E+00  .00000E+00  .00000E+00  .68000E+00	                     
  .18200E+00  .23400E-01  .00000E+00  .17900E-01  .84000E-03       ! 5.0 Msol  for Z=0.040
  .00000E+00  .00000E+00  .00000E+00  .00000E+00  .00000E+00                 
  .00000E+00  .00000E+00  .00000E+00  .77000E+00	                     
  .26000E+00  .00000E+00  .00000E+00  .81200E-01  .19300E-02       ! 7.0 Msol  for Z=0.040
  .00000E+00  .00000E+00  .00000E+00  .00000E+00  .00000E+00                 
  .00000E+00  .00000E+00  .00000E+00  .98000E+00	                     
  .33300E+00  .00000E+00  .00000E+00  .99200E-01  .22200E-02       ! 8.0 Msol  for Z=0.040
  .00000E+00  .00000E+00  .00000E+00  .00000E+00  .00000E+00
  .00000E+00  .00000E+00  .00000E+00  .10900E+01
  .10680E+01  .23900E-01  .04300E+00  .00000E+00  .00000E+00          ! 11 Msol  Iron from WW95 Case A
  .31200E-01  .92000E-02  .21700E-01  .80000E-01  .25900E-01           
  .96000E-03  .10400E-01  .13500E-02  .13200E+01
  .11730E+01  .48100E-01  .11000E+00  .00000E+00  .00000E+00          ! 12 Msol
  .23200E-01  .82000E-02  .90900E-01  .55000E-01  .24000E-01
  .10200E-02  .79400E-01  .15000E-01  .13200E+01
  .13360E+01  .07900E+00  .16100E+00  .00000E+00  .00000E+00          ! 13 Msol
  .44600E-01  .16400E-01  .58500E-01  .14600E+00  .34000E-01
  .11400E-02  .27700E-01  .36000E-02  .14600E+01
  .15080E+01  .12000E+00  .55000E+00  .00000E+00  .00000E+00          ! 15 Msol   
  .11100E+00  .26700E-01  .11000E+00  .12970E+00  .39000E-01
  .12900E-02  .14900E-01  .11100E-01  .14300E+01
  .18140E+01  .19900E+00  .97400E+00  .00000E+00  .00000E+00          ! 18 Msol
  .27700E+00  .55200E-01  .13700E+00  .83000E-01  .38800E-01
  .13500E-02  .58600E-01  .69000E-02  .17600E+01
  .17790E+01  .23200E+00  .12700E+01  .00000E+00  .00000E+00          ! 19 Msol
  .10600E+00  .25100E-01  .27700E+00  .11700E+00  .38200E-01
  .13300E-02  .14050E+00  .13800E-01  .19800E+01
  .17865E+01  .15900E+00  .17700E+01  .00000E+00  .00000E+00          ! 20 Msol
  .10500E+00  .31300E-01  .28800E+00  .10600E+00  .39900E-01
  .13300E-02  .17550E+00  .14800E-01  .20600E+01
  .20155E+01  .18000E+00  .21900E+01  .00000E+00  .00000E+00          ! 22 Msol
  .70200E-01  .41600E-01  .35600E+00  .22247E+00  .45100E-01
  .13900E-02  .19020E+00  .17700E-01  .20200E+01
  .23340E+01  .25300E+00  .30300E+01  .00000E+00  .00000E+00          ! 25 Msol
  .39400E+00  .01000E+00  .31500E+00  .15000E+00  .53800E-01          ! Mg before .10600E+00
  .14500E-02  .14880E+00  .16900E-01  .20700E+01
  .26835E+01  .20500E+00  .46100E+01  .00000E+00  .00000E+00          ! 30 Msol
  .43200E+00  .01000E+00  .31600E+00  .02500E+00  .07300E+00          ! mg beofre  .28200E+00
  .15900E-02  .10720E+00  .13400E-01  .19400E+01
  .33365E+01  .22600E+00  .55200E+01  .00000E+00  .00000E+00          ! 35 Msol
  .88800E+00  .01000E+00  .11200E+00  .27700E-01  .09000E+00          ! Mg before  .28700E+00
  .16500E-02  .19500E-01  .16000E-02  .38600E+01
  .34990E+01  .25800E+00  .57000E+01  .00000E+00  .00000E+00          ! 40 Msol
  .12400E+01  .01000E+00  .54600E-01  .28300E-01  .10300E+00          ! Mg before  .23000E+00
  .16200E-02  .12500E-01  .16000E-02  .54500E+01
  .35000E+01  .34500E+00  .57000E+01  .00000E+00  .00000E+00          ! 50 Msol
  .17500E+01  .01000E+00  .54600E-01  .28300E-01  .12600E+00          ! Mg before  .23000E+00
  .16200E-02  .12500E-01  .16000E-02  .24500E+01
  .35000E+01  .43200E+00  .57000E+01  .00000E+00  .00000E+00          ! 60 Msol
  .21000E+01  .01000E+00  .54600E-01  .28300E-01  .14200E+00          ! Mg before  .23000E+00
  .16200E-02  .12500E-01  .16000E-02  .24500E+01
  .35000E+01  .51900E+00  .57000E+01  .00000E+00  .00000E+00          ! 70 Msol
  .23500E+01  .01000E+00  .54600E-01  .28300E-01  .16000E+00          ! Mg before  .23000E+00
  .16200E-02  .12500E-01  .16000E-02  .24500E+01
  .35000E+01  .60600E+00  .57000E+01  .00000E+00  .00000E+00          ! 80 Msol
  .25500E+01  .01000E+00  .54600E-01  .28300E-01  .17100E+00          ! Mg before  .23000E+00
  .16200E-02  .12500E-01  .16000E-02  .24500E+01
  .35000E+01  .69300E+00  .57000E+01  .00000E+00  .00000E+00          ! 90 Msol      
  .27000E+01  .01000E+00  .54600E-01  .28300E-01  .17900E+00          ! Mg before  .23000E+00
  .16200E-02  .12500E-01  .16000E-02  .24500E+01
  .35000E+01  .78000E+00  .57000E+01  .00000E+00  .00000E+00          ! 100 Msol
  .28300E+01  .01000E+00  .54600E-01  .28300E-01  .18600E+00          ! Mg before  .23000E+00
  .16200E-02  .12500E-01  .16000E-02  .24500E+01
  .50000E+00
  .80000E+00
  .90000E+00
  .10000E+01
  .13000E+01
  .15000E+01
  .17000E+01
  .20000E+01
  .25000E+01
  .30000E+01
  .40000E+01
  .50000E+01
  .70000E+01
  .80000E+01
  .11000E+02  .38100E+01
  .12000E+02  .42000E+01
  .13000E+02  .50000E+01
  .15000E+02  .65000E+01
  .18000E+02  .84100E+01
  .19000E+02  .89700E+01
  .20000E+02  .95000E+01
  .22000E+02  .10700E+02
  .25000E+02  .12500E+02
  .30000E+02  .12000E+02
  .35000E+02  .13000E+02
  .40000E+02  .14070E+02
  .50000E+02  .17500E+02
  .60000E+02  .22200E+02
  .70000E+02  .28300E+02
  .80000E+02  .34400E+02
  .90000E+02  .41100E+02
  .10000E+03  .50000E+02
  .11065E+02  .12980E-06  .24380E-06  .24965E-06  .23995E-06  .27660E-06
  .12065E+02  .12980E-06  .24380E-06  .24965E-06  .23995E-06  .25205E-06
  .13071E+02  .18525E-06  .24635E-06  .20760E-06  .26005E-06  .40730E-06
  .15081E+02  .57750E-06  .11875E-06  .19295E-06  .23085E-06  .38790E-06
  .18098E+02  .97400E-06  .15855E-06  .19545E-06  .20275E-06  .35795E-06
  .19000E+02  .12080E-05  .15855E-06  .19545E-06  .17680E-06  .33480E-06
  .20109E+02  .14420E-05  .12745E-06  .13225E-06  .17680E-06  .33400E-06
  .22119E+02  .63050E-06  .21750E-06  .16830E-06  .21290E-06  .32635E-06
  .25136E+02  .14865E-05  .23140E-06  .23335E-06  .27390E-06  .37195E-06
  .30163E+02  .63550E-06  .26210E-06  .19100E-06  .28160E-06  .41850E-06
  .35190E+02  .27580E-05  .32845E-06  .20000E-06  .26055E-06  .44470E-06
  .40217E+02  .33915E-05  .42575E-06  .19430E-06  .25875E-06  .42535E-06
  .50000E+02  .00000E+00  .00000E+00  .00000E+00  .00000E+00  .00000E+00
  .60000E+02  .00000E+00  .00000E+00  .00000E+00  .00000E+00  .00000E+00
  .10000E+03  .00000E+00  .00000E+00  .00000E+00  .00000E+00  .00000E+00
  2.20  0.00E+00  0.00E+00  0.00E+00  1.71E-11  0.00E+00  0.00E+00
  2.50  2.01E-10  1.05E-11  0.00E+00  1.70E-11  0.00E+00  0.00E+00
  3.00  4.20E-10  3.91E-10  4.12E-10  5.00E-10  0.00E+00  0.00E+00
  3.30  3.29E-10  2.92E-10  3.20E-10  4.19E-10  4.03E-10  0.00E+00
  3.50  2.69E-10  2.26E-10  2.58E-10  3.65E-10  4.03E-10  1.28E-11
  4.00  1.75E-10  1.92E-10  1.97E-10  3.60E-10  6.08E-10  3.34E-10
  4.50  1.36E-10  1.40E-10  1.20E-10  3.45E-10  7.29E-10  6.25E-10
  5.00  1.14E-10  1.20E-10  2.73E-10  4.17E-10  1.29E-09  1.41E-09
  5.50  0.00E+00  1.80E-10  2.47E-10  5.09E-10  1.89E-09  3.11E-09
  6.00  0.00E+00  0.00E+00  0.00E+00  0.00E+00  4.10E-09  5.21E-09
