10 5
0.017
0.017e-1
0.017e-2
0.017e-4
0.
12
13
15
18
20
22
25
30
35
40
0.63998E-05  
0.91596E-05  
0.15682E-04  
0.80335E-05  
0.50232E-05  
0.88940E-05 
0.54468E-05 
0.14909E-04 
0.11873E-04 
0.94401E-05 
0.12090E-04 
0.45418E-05 
0.12816E-04 
0.16633E-04 
0.61783E-05 
0.13313E-04 
0.26095E-05 
0.51969E-05 
0.40950E-05 
0.00000E+00 
0.32356E-04  
0.25929E-05  
0.27316E-06  
0.78552E-06  
0.00000E+00  
0.37419E-04
0.29258E-05
0.14997E-05
0.36377E-05
0.42177E-05
0.48465E-04 
0.61586E-05 
0.42951E-05 
0.58140E-05 
0.49425E-05 
0.67628E-04  
0.67391E-05  
0.67254E-05  
0.10052E-04  
0.19512E-04  
0.74128E-04  
0.41269E-05  
0.16957E-05  
0.00000E+00  
0.00000E+00  
0.73306E-04
0.40521E-05
0.49878E-06
0.00000E+00
0.00000E+00 
 
 
 
 
 
 
 
 
 
